Time	Channel A
(us)	(V)

-25.03584255	0.00067141
-25.01584255	0.00067141
-24.99584255	0.00067141
-24.97584256	0.00067141
-24.95584256	0.00067141
-24.93584256	0.00067141
-24.91584256	0.00067141
-24.89584256	0.00067141
-24.87584256	0.00067141
-24.85584256	0.00067141
-24.83584256	0.00067141
-24.81584256	0.00067141
-24.79584256	0.00067141
-24.77584256	0.00067141
-24.75584256	0.00067141
-24.73584256	0.00067141
-24.71584256	0.00067141
-24.69584256	0.00067141
-24.67584256	0.00067141
-24.65584256	0.00067141
-24.63584256	0.00067141
-24.61584256	0.00067141
-24.59584256	0.00067141
-24.57584256	0.00067141
-24.55584256	0.00067141
-24.53584256	0.00067141
-24.51584256	0.00067141
-24.49584256	0.00067141
-24.47584256	0.00067141
-24.45584256	0.00067141
-24.43584256	0.00067141
-24.41584256	0.00067141
-24.39584256	0.00067141
-24.37584256	0.00067141
-24.35584256	0.00067141
-24.33584256	0.00067141
-24.31584256	0.00067141
-24.29584256	0.00067141
-24.27584256	0.00067141
-24.25584256	0.00067141
-24.23584256	0.00067141
-24.21584256	0.00067141
-24.19584256	0.00067141
-24.17584256	0.00067141
-24.15584256	0.00067141
-24.13584256	0.00067141
-24.11584256	0.00067141
-24.09584256	0.00067141
-24.07584256	0.00067141
-24.05584256	0.00067141
-24.03584256	0.00067141
-24.01584256	0.00067141
-23.99584256	0.00067141
-23.97584256	0.00067141
-23.95584256	0.00067141
-23.93584256	0.00067141
-23.91584256	0.00067141
-23.89584256	0.00067141
-23.87584256	0.00067141
-23.85584256	0.00067141
-23.83584256	0.00067141
-23.81584256	0.00067141
-23.79584256	0.00067141
-23.77584256	0.00067141
-23.75584256	0.00067141
-23.73584256	0.00067141
-23.71584256	0.00067141
-23.69584256	0.00067141
-23.67584256	0.00067141
-23.65584256	0.00067141
-23.63584256	0.00067141
-23.61584256	0.00067141
-23.59584256	0.00067141
-23.57584256	0.00067141
-23.55584256	0.00067141
-23.53584256	0.00067141
-23.51584256	0.00067141
-23.49584256	0.00067141
-23.47584256	0.00067141
-23.45584256	0.00067141
-23.43584256	0.00067141
-23.41584256	0.00067141
-23.39584256	0.00067141
-23.37584256	0.00067141
-23.35584256	0.00067141
-23.33584256	0.00067141
-23.31584257	0.00067141
-23.29584257	0.00067141
-23.27584257	0.00067141
-23.25584257	0.00067141
-23.23584257	0.00067141
-23.21584257	0.00067141
-23.19584257	0.00067141
-23.17584257	0.00067141
-23.15584257	0.00067141
-23.13584257	0.00067141
-23.11584257	0.00067141
-23.09584257	0.00067141
-23.07584257	0.00067141
-23.05584257	0.00067141
-23.03584257	0.00067141
-23.01584257	0.00067141
-22.99584257	0.00067141
-22.97584257	0.00067141
-22.95584257	0.00067141
-22.93584257	0.00067141
-22.91584257	0.00067141
-22.89584257	0.00067141
-22.87584257	0.00067141
-22.85584257	0.00067141
-22.83584257	0.00067141
-22.81584257	0.00067141
-22.79584257	0.00067141
-22.77584257	0.00067141
-22.75584257	0.00067141
-22.73584257	0.00067141
-22.71584257	0.00067141
-22.69584257	0.00067141
-22.67584257	0.00067141
-22.65584257	0.00067141
-22.63584257	0.00067141
-22.61584257	0.00067141
-22.59584257	0.00067141
-22.57584257	0.00067141
-22.55584257	0.00067141
-22.53584257	0.00067141
-22.51584257	0.00067141
-22.49584257	0.00067141
-22.47584257	0.00067141
-22.45584257	0.00067141
-22.43584257	0.00067141
-22.41584257	0.00067141
-22.39584257	0.00067141
-22.37584257	0.00067141
-22.35584257	0.00067141
-22.33584257	0.00067141
-22.31584257	0.00067141
-22.29584257	0.00067141
-22.27584257	0.00067141
-22.25584257	0.00067141
-22.23584257	0.00067141
-22.21584257	0.00067141
-22.19584257	0.00067141
-22.17584257	0.00067141
-22.15584257	0.00067141
-22.13584257	0.00067141
-22.11584257	0.00067141
-22.09584257	0.00067141
-22.07584257	0.00067141
-22.05584257	0.00067141
-22.03584257	0.00067141
-22.01584257	0.00067141
-21.99584257	0.00067141
-21.97584257	0.00067141
-21.95584257	0.00067141
-21.93584257	0.00067141
-21.91584257	0.00067141
-21.89584257	0.00067141
-21.87584257	0.00067141
-21.85584257	0.00067141
-21.83584257	0.00067141
-21.81584257	0.00067141
-21.79584257	0.00067141
-21.77584257	0.00067141
-21.75584257	0.00067141
-21.73584257	0.00067141
-21.71584257	0.00067141
-21.69584257	0.00067141
-21.67584258	0.00067141
-21.65584258	0.00067141
-21.63584258	0.00067141
-21.61584258	0.00067141
-21.59584258	0.00067141
-21.57584258	0.00067141
-21.55584258	0.00067141
-21.53584258	0.00067141
-21.51584258	0.00067141
-21.49584258	0.00067141
-21.47584258	0.00067141
-21.45584258	0.00067141
-21.43584258	0.00067141
-21.41584258	0.00067141
-21.39584258	0.00067141
-21.37584258	0.00067141
-21.35584258	0.00067141
-21.33584258	0.00067141
-21.31584258	0.00067141
-21.29584258	0.00067141
-21.27584258	0.00067141
-21.25584258	0.00067141
-21.23584258	0.00067141
-21.21584258	0.00067141
-21.19584258	0.00067141
-21.17584258	0.00067141
-21.15584258	0.00067141
-21.13584258	0.00067141
-21.11584258	0.00067141
-21.09584258	0.00067141
-21.07584258	0.00067141
-21.05584258	0.00067141
-21.03584258	0.00067141
-21.01584258	0.00067141
-20.99584258	0.00067141
-20.97584258	0.00067141
-20.95584258	0.00067141
-20.93584258	0.00067141
-20.91584258	0.00067141
-20.89584258	0.00067141
-20.87584258	0.00067141
-20.85584258	0.00067141
-20.83584258	0.00067141
-20.81584258	0.00067141
-20.79584258	0.00067141
-20.77584258	0.00067141
-20.75584258	0.00067141
-20.73584258	0.00067141
-20.71584258	0.00067141
-20.69584258	0.00067141
-20.67584258	0.00067141
-20.65584258	0.00067141
-20.63584258	0.00067141
-20.61584258	0.00067141
-20.59584258	0.00067141
-20.57584258	0.00067141
-20.55584258	0.00067141
-20.53584258	0.00067141
-20.51584258	0.00067141
-20.49584258	0.00067141
-20.47584258	0.00067141
-20.45584258	0.00067141
-20.43584258	0.00067141
-20.41584258	0.00067141
-20.39584258	0.00067141
-20.37584258	0.00067141
-20.35584258	0.00067141
-20.33584258	0.00067141
-20.31584258	0.00067141
-20.29584258	0.00067141
-20.27584258	0.00067141
-20.25584258	0.00067141
-20.23584258	0.00067141
-20.21584258	0.00067141
-20.19584258	0.00067141
-20.17584258	0.00067141
-20.15584258	0.00067141
-20.13584258	0.00067141
-20.11584258	0.00067141
-20.09584258	0.00067141
-20.07584258	0.00067141
-20.05584258	0.00067141
-20.03584259	0.00067141
-20.01584259	0.00067141
-19.99584259	0.00067141
-19.97584259	0.00067141
-19.95584259	0.00067141
-19.93584259	0.00067141
-19.91584259	0.00067141
-19.89584259	0.00067141
-19.87584259	0.00067141
-19.85584259	0.00067141
-19.83584259	0.00067141
-19.81584259	0.00067141
-19.79584259	0.00067141
-19.77584259	0.00067141
-19.75584259	0.00067141
-19.73584259	0.00067141
-19.71584259	0.00067141
-19.69584259	0.00067141
-19.67584259	0.00067141
-19.65584259	0.00067141
-19.63584259	0.00067141
-19.61584259	0.00067141
-19.59584259	0.00067141
-19.57584259	0.00067141
-19.55584259	0.00067141
-19.53584259	0.00067141
-19.51584259	0.00067141
-19.49584259	0.00067141
-19.47584259	0.00067141
-19.45584259	0.00067141
-19.43584259	0.00067141
-19.41584259	0.00067141
-19.39584259	0.00067141
-19.37584259	0.00067141
-19.35584259	0.00067141
-19.33584259	0.00067141
-19.31584259	0.00067141
-19.29584259	0.00067141
-19.27584259	0.00067141
-19.25584259	0.00067141
-19.23584259	0.00067141
-19.21584259	0.00067141
-19.19584259	0.00067141
-19.17584259	0.00067141
-19.15584259	0.00067141
-19.13584259	0.00067141
-19.11584259	0.00067141
-19.09584259	0.00067141
-19.07584259	0.00067141
-19.05584259	0.00067141
-19.03584259	0.00067141
-19.01584259	0.00067141
-18.99584259	0.00067141
-18.97584259	0.00067141
-18.95584259	0.00067141
-18.93584259	0.00067141
-18.91584259	0.00067141
-18.89584259	0.00067141
-18.87584259	0.00067141
-18.85584259	0.00067141
-18.83584259	0.00067141
-18.81584259	0.00067141
-18.79584259	0.00067141
-18.77584259	0.00949126
-18.75584259	0.00067141
-18.73584259	0.00067141
-18.71584259	0.00067141
-18.69584259	0.00067141
-18.67584259	0.00067141
-18.65584259	0.00067141
-18.63584259	0.00067141
-18.61584259	0.00067141
-18.59584259	0.00067141
-18.57584259	0.00067141
-18.55584259	0.00067141
-18.53584259	0.00067141
-18.51584259	0.00067141
-18.49584259	0.00067141
-18.47584259	0.00067141
-18.45584259	0.00067141
-18.43584259	0.00067141
-18.41584259	0.00067141
-18.39584259	0.00067141
-18.37584260	0.00067141
-18.35584260	0.00067141
-18.33584260	0.00067141
-18.31584260	0.00067141
-18.29584260	0.00067141
-18.27584260	0.00067141
-18.25584260	0.00067141
-18.23584260	0.00067141
-18.21584260	0.00067141
-18.19584260	0.00067141
-18.17584260	0.00067141
-18.15584260	0.00067141
-18.13584260	0.00067141
-18.11584260	0.00067141
-18.09584260	0.00067141
-18.07584260	0.00067141
-18.05584260	0.00067141
-18.03584260	0.00067141
-18.01584260	0.00067141
-17.99584260	0.00067141
-17.97584260	0.00067141
-17.95584260	0.00067141
-17.93584260	0.00067141
-17.91584260	0.00067141
-17.89584260	0.00067141
-17.87584260	0.00067141
-17.85584260	0.00067141
-17.83584260	0.00067141
-17.81584260	0.00067141
-17.79584260	0.00067141
-17.77584260	0.00067141
-17.75584260	0.00067141
-17.73584260	0.00067141
-17.71584260	0.00067141
-17.69584260	0.00067141
-17.67584260	0.00067141
-17.65584260	0.00067141
-17.63584260	0.00067141
-17.61584260	0.00067141
-17.59584260	0.00067141
-17.57584260	0.00067141
-17.55584260	0.00067141
-17.53584260	0.00067141
-17.51584260	0.00067141
-17.49584260	0.00067141
-17.47584260	0.00067141
-17.45584260	0.00067141
-17.43584260	0.00067141
-17.41584260	0.00067141
-17.39584260	0.00067141
-17.37584260	0.00067141
-17.35584260	0.00067141
-17.33584260	0.00067141
-17.31584260	0.00067141
-17.29584260	0.00067141
-17.27584260	0.00067141
-17.25584260	0.00067141
-17.23584260	0.00067141
-17.21584260	0.00067141
-17.19584260	0.00067141
-17.17584260	0.00067141
-17.15584260	0.00067141
-17.13584260	0.00067141
-17.11584260	0.00067141
-17.09584260	0.00067141
-17.07584260	0.00067141
-17.05584260	0.00067141
-17.03584260	0.00067141
-17.01584260	0.00067141
-16.99584260	0.00067141
-16.97584260	0.00067141
-16.95584260	0.00067141
-16.93584260	0.00067141
-16.91584260	0.00067141
-16.89584260	0.00067141
-16.87584260	0.00067141
-16.85584260	0.00067141
-16.83584260	0.00067141
-16.81584260	0.00067141
-16.79584260	0.00067141
-16.77584260	0.00067141
-16.75584260	0.00067141
-16.73584261	0.00067141
-16.71584261	0.00067141
-16.69584261	0.00067141
-16.67584261	0.00067141
-16.65584261	0.00067141
-16.63584261	0.00067141
-16.61584261	0.00067141
-16.59584261	0.00067141
-16.57584261	0.00067141
-16.55584261	0.00067141
-16.53584261	0.00067141
-16.51584261	0.00067141
-16.49584261	0.00067141
-16.47584261	0.00067141
-16.45584261	0.00067141
-16.43584261	0.00067141
-16.41584261	0.00067141
-16.39584261	0.00067141
-16.37584261	0.00067141
-16.35584261	0.00067141
-16.33584261	0.00067141
-16.31584261	0.00067141
-16.29584261	0.00067141
-16.27584261	0.00067141
-16.25584261	0.00067141
-16.23584261	0.00067141
-16.21584261	0.00067141
-16.19584261	0.00067141
-16.17584261	0.00067141
-16.15584261	0.00067141
-16.13584261	0.00067141
-16.11584261	0.00067141
-16.09584261	0.00067141
-16.07584261	0.00067141
-16.05584261	0.00067141
-16.03584261	0.00067141
-16.01584261	0.00067141
-15.99584261	0.00067141
-15.97584261	0.00067141
-15.95584261	0.00067141
-15.93584261	0.00067141
-15.91584261	0.00067141
-15.89584261	0.00067141
-15.87584261	0.00067141
-15.85584261	0.00067141
-15.83584261	0.00067141
-15.81584261	0.00067141
-15.79584261	0.00067141
-15.77584261	0.00067141
-15.75584261	0.00067141
-15.73584261	0.00067141
-15.71584261	0.00067141
-15.69584261	0.00067141
-15.67584261	0.00067141
-15.65584261	0.00067141
-15.63584261	0.00067141
-15.61584261	0.00067141
-15.59584261	0.00067141
-15.57584261	0.00067141
-15.55584261	0.00067141
-15.53584261	0.00067141
-15.51584261	0.00067141
-15.49584261	0.00067141
-15.47584261	0.00067141
-15.45584261	0.00067141
-15.43584261	0.00067141
-15.41584261	0.00067141
-15.39584261	0.00067141
-15.37584261	0.00067141
-15.35584261	0.00067141
-15.33584261	0.00067141
-15.31584261	0.00067141
-15.29584261	0.00067141
-15.27584261	0.00067141
-15.25584261	0.00067141
-15.23584261	0.00067141
-15.21584261	0.00067141
-15.19584261	0.00067141
-15.17584261	0.00067141
-15.15584261	0.00067141
-15.13584261	0.00067141
-15.11584261	0.00067141
-15.09584262	0.00067141
-15.07584262	0.00067141
-15.05584262	0.00067141
-15.03584262	0.00067141
-15.01584262	0.00067141
-14.99584262	0.00067141
-14.97584262	0.00067141
-14.95584262	0.00067141
-14.93584262	0.00067141
-14.91584262	0.00067141
-14.89584262	0.00067141
-14.87584262	0.00067141
-14.85584262	0.00067141
-14.83584262	0.00067141
-14.81584262	0.00067141
-14.79584262	0.00067141
-14.77584262	0.00067141
-14.75584262	0.00067141
-14.73584262	0.00067141
-14.71584262	0.00067141
-14.69584262	0.00067141
-14.67584262	0.00067141
-14.65584262	0.00067141
-14.63584262	0.00067141
-14.61584262	0.00067141
-14.59584262	0.00067141
-14.57584262	0.00067141
-14.55584262	0.00949126
-14.53584262	0.00067141
-14.51584262	0.00067141
-14.49584262	0.00067141
-14.47584262	0.00067141
-14.45584262	0.00067141
-14.43584262	0.00067141
-14.41584262	0.00067141
-14.39584262	0.00067141
-14.37584262	0.00067141
-14.35584262	0.00067141
-14.33584262	0.00067141
-14.31584262	0.00067141
-14.29584262	0.00067141
-14.27584262	0.00067141
-14.25584262	0.00067141
-14.23584262	0.00067141
-14.21584262	0.00067141
-14.19584262	0.00067141
-14.17584262	0.00067141
-14.15584262	0.00067141
-14.13584262	0.00067141
-14.11584262	0.00067141
-14.09584262	0.00067141
-14.07584262	0.00067141
-14.05584262	0.00067141
-14.03584262	0.00067141
-14.01584262	0.00067141
-13.99584262	0.00067141
-13.97584262	0.00067141
-13.95584262	0.00067141
-13.93584262	0.00067141
-13.91584262	0.00067141
-13.89584262	0.00067141
-13.87584262	0.00067141
-13.85584262	0.00067141
-13.83584262	0.00067141
-13.81584262	0.00067141
-13.79584262	0.00067141
-13.77584262	0.00067141
-13.75584262	0.00067141
-13.73584262	0.00067141
-13.71584262	0.00067141
-13.69584262	0.00067141
-13.67584262	0.00067141
-13.65584262	0.00067141
-13.63584262	0.00067141
-13.61584262	0.00067141
-13.59584262	0.00067141
-13.57584262	0.00067141
-13.55584262	0.00067141
-13.53584262	0.00067141
-13.51584262	0.00067141
-13.49584262	0.00067141
-13.47584262	0.00067141
-13.45584263	0.00067141
-13.43584263	0.00067141
-13.41584263	0.00067141
-13.39584263	0.00067141
-13.37584263	0.00067141
-13.35584263	0.00067141
-13.33584263	0.00067141
-13.31584263	0.00067141
-13.29584263	0.00067141
-13.27584263	0.00067141
-13.25584263	0.00067141
-13.23584263	0.00067141
-13.21584263	0.00067141
-13.19584263	0.00067141
-13.17584263	0.00067141
-13.15584263	0.00067141
-13.13584263	0.00067141
-13.11584263	0.00067141
-13.09584263	0.00067141
-13.07584263	0.00067141
-13.05584263	0.00067141
-13.03584263	0.00067141
-13.01584263	0.00067141
-12.99584263	0.00067141
-12.97584263	0.00067141
-12.95584263	0.00067141
-12.93584263	0.00067141
-12.91584263	0.00067141
-12.89584263	0.00067141
-12.87584263	0.00067141
-12.85584263	0.00067141
-12.83584263	0.00067141
-12.81584263	0.00067141
-12.79584263	0.00067141
-12.77584263	0.00067141
-12.75584263	0.00067141
-12.73584263	0.00067141
-12.71584263	0.00067141
-12.69584263	0.00067141
-12.67584263	0.00067141
-12.65584263	0.00067141
-12.63584263	0.00067141
-12.61584263	0.00067141
-12.59584263	0.00067141
-12.57584263	0.00067141
-12.55584263	0.00067141
-12.53584263	0.00067141
-12.51584263	0.00067141
-12.49584263	0.00067141
-12.47584263	0.00067141
-12.45584263	0.00067141
-12.43584263	0.00067141
-12.41584263	0.00067141
-12.39584263	0.00067141
-12.37584263	0.00067141
-12.35584263	0.00067141
-12.33584263	0.00067141
-12.31584263	0.00067141
-12.29584263	0.00067141
-12.27584263	0.00067141
-12.25584263	0.00067141
-12.23584263	0.00067141
-12.21584263	0.00067141
-12.19584263	0.00067141
-12.17584263	0.00067141
-12.15584263	0.00067141
-12.13584263	0.00067141
-12.11584263	0.00067141
-12.09584263	0.00067141
-12.07584263	0.00067141
-12.05584263	0.00067141
-12.03584263	0.00067141
-12.01584263	0.00067141
-11.99584263	0.00067141
-11.97584263	0.00067141
-11.95584263	0.00067141
-11.93584263	0.00067141
-11.91584263	0.00067141
-11.89584263	0.00067141
-11.87584263	0.00067141
-11.85584263	0.00067141
-11.83584263	0.00067141
-11.81584263	0.00067141
-11.79584264	0.00067141
-11.77584264	0.00067141
-11.75584264	0.00067141
-11.73584264	0.00067141
-11.71584264	0.00067141
-11.69584264	0.00067141
-11.67584264	0.00067141
-11.65584264	0.00067141
-11.63584264	0.00067141
-11.61584264	0.00067141
-11.59584264	0.00067141
-11.57584264	0.00067141
-11.55584264	0.00067141
-11.53584264	0.00067141
-11.51584264	0.00067141
-11.49584264	0.00067141
-11.47584264	0.00067141
-11.45584264	0.00067141
-11.43584264	0.00067141
-11.41584264	0.00067141
-11.39584264	0.00067141
-11.37584264	0.00067141
-11.35584264	0.00067141
-11.33584264	0.00067141
-11.31584264	0.00067141
-11.29584264	0.00067141
-11.27584264	0.00067141
-11.25584264	0.00067141
-11.23584264	0.00067141
-11.21584264	0.00067141
-11.19584264	0.00067141
-11.17584264	0.00067141
-11.15584264	0.00067141
-11.13584264	0.00067141
-11.11584264	0.00067141
-11.09584264	0.00067141
-11.07584264	0.00067141
-11.05584264	0.00067141
-11.03584264	0.00067141
-11.01584264	0.00067141
-10.99584264	0.00067141
-10.97584264	0.00067141
-10.95584264	0.00067141
-10.93584264	0.00067141
-10.91584264	0.00067141
-10.89584264	0.00067141
-10.87584264	0.00067141
-10.85584264	0.00067141
-10.83584264	0.00067141
-10.81584264	0.00067141
-10.79584264	0.00067141
-10.77584264	0.00067141
-10.75584264	0.00067141
-10.73584264	0.00067141
-10.71584264	0.00067141
-10.69584264	0.00067141
-10.67584264	0.00067141
-10.65584264	0.00067141
-10.63584264	0.00067141
-10.61584264	0.00067141
-10.59584264	0.00067141
-10.57584264	0.00067141
-10.55584264	0.00067141
-10.53584264	0.00067141
-10.51584264	0.00067141
-10.49584264	0.00067141
-10.47584264	0.00067141
-10.45584264	0.00067141
-10.43584264	0.00067141
-10.41584264	0.00067141
-10.39584264	0.00067141
-10.37584264	0.00067141
-10.35584264	0.00067141
-10.33584264	0.00067141
-10.31584264	0.00067141
-10.29584264	0.00067141
-10.27584264	0.00067141
-10.25584264	0.00067141
-10.23584264	0.00067141
-10.21584264	0.00067141
-10.19584264	0.00067141
-10.17584264	0.00067141
-10.15584265	0.00067141
-10.13584265	0.00067141
-10.11584265	0.00067141
-10.09584265	0.00067141
-10.07584265	0.00067141
-10.05584265	0.00067141
-10.03584265	0.00067141
-10.01584265	0.00067141
-9.99584265	0.00067141
-9.97584265	0.00067141
-9.95584265	0.00067141
-9.93584265	0.00067141
-9.91584265	0.00067141
-9.89584265	0.00067141
-9.87584265	0.00067141
-9.85584265	0.00067141
-9.83584265	0.00067141
-9.81584265	0.00067141
-9.79584265	0.00067141
-9.77584265	0.00067141
-9.75584265	0.00067141
-9.73584265	0.00067141
-9.71584265	0.00067141
-9.69584265	0.00067141
-9.67584265	0.00067141
-9.65584265	0.00067141
-9.63584265	0.00067141
-9.61584265	0.00067141
-9.59584265	0.00067141
-9.57584265	0.00067141
-9.55584265	0.00067141
-9.53584265	0.00067141
-9.51584265	0.00067141
-9.49584265	0.00067141
-9.47584265	0.00067141
-9.45584265	0.00067141
-9.43584265	0.00067141
-9.41584265	0.00067141
-9.39584265	0.00067141
-9.37584265	0.00067141
-9.35584265	0.00067141
-9.33584265	0.00067141
-9.31584265	0.00067141
-9.29584265	0.00067141
-9.27584265	0.00067141
-9.25584265	0.00067141
-9.23584265	0.00067141
-9.21584265	0.00067141
-9.19584265	0.00067141
-9.17584265	0.00067141
-9.15584265	0.00067141
-9.13584265	0.00067141
-9.11584265	0.00067141
-9.09584265	0.00067141
-9.07584265	0.00067141
-9.05584265	0.00067141
-9.03584265	0.00067141
-9.01584265	0.00067141
-8.99584265	0.00067141
-8.97584265	0.00067141
-8.95584265	0.00067141
-8.93584265	0.00067141
-8.91584265	0.00067141
-8.89584265	0.00067141
-8.87584265	0.00067141
-8.85584265	0.00067141
-8.83584265	0.00067141
-8.81584265	0.00067141
-8.79584265	0.00067141
-8.77584265	0.00067141
-8.75584265	0.00067141
-8.73584265	0.00067141
-8.71584265	0.00067141
-8.69584265	0.00067141
-8.67584265	0.00067141
-8.65584265	0.00067141
-8.63584265	0.00067141
-8.61584265	0.00067141
-8.59584265	0.00067141
-8.57584265	0.00067141
-8.55584265	0.00067141
-8.53584265	0.00067141
-8.51584266	0.00067141
-8.49584266	0.00067141
-8.47584266	0.00067141
-8.45584266	0.00067141
-8.43584266	0.00067141
-8.41584266	0.00067141
-8.39584266	0.00067141
-8.37584266	0.00067141
-8.35584266	0.00067141
-8.33584266	0.00067141
-8.31584266	0.00067141
-8.29584266	0.00067141
-8.27584266	0.00067141
-8.25584266	0.00067141
-8.23584266	0.00067141
-8.21584266	0.00067141
-8.19584266	0.00067141
-8.17584266	0.00067141
-8.15584266	0.00067141
-8.13584266	0.00067141
-8.11584266	0.00067141
-8.09584266	0.00067141
-8.07584266	0.00067141
-8.05584266	0.00067141
-8.03584266	0.00067141
-8.01584266	0.00067141
-7.99584266	0.00067141
-7.97584266	0.00067141
-7.95584266	0.00067141
-7.93584266	0.00067141
-7.91584266	0.00067141
-7.89584266	0.00067141
-7.87584266	0.00067141
-7.85584266	0.00067141
-7.83584266	0.00067141
-7.81584266	0.00067141
-7.79584266	0.00067141
-7.77584266	0.00067141
-7.75584266	0.00067141
-7.73584266	0.00067141
-7.71584266	0.00067141
-7.69584266	0.00067141
-7.67584266	0.00067141
-7.65584266	0.00067141
-7.63584266	0.00067141
-7.61584266	0.00067141
-7.59584266	0.00067141
-7.57584266	0.00067141
-7.55584266	0.00067141
-7.53584266	0.00067141
-7.51584266	0.00067141
-7.49584266	0.00067141
-7.47584266	0.00067141
-7.45584266	0.00067141
-7.43584266	0.00067141
-7.41584266	0.00067141
-7.39584266	0.00067141
-7.37584266	0.00067141
-7.35584266	0.00067141
-7.33584266	0.00067141
-7.31584266	0.00067141
-7.29584266	0.00067141
-7.27584266	0.00067141
-7.25584266	0.00067141
-7.23584266	0.00067141
-7.21584266	0.00067141
-7.19584266	0.00067141
-7.17584266	0.00067141
-7.15584266	0.00067141
-7.13584266	0.00067141
-7.11584266	0.00067141
-7.09584266	0.00067141
-7.07584266	0.00067141
-7.05584266	0.00067141
-7.03584266	0.00067141
-7.01584266	0.00067141
-6.99584266	0.00067141
-6.97584266	0.00067141
-6.95584266	0.00067141
-6.93584266	0.00067141
-6.91584266	0.00067141
-6.89584266	0.00067141
-6.87584267	0.00067141
-6.85584267	0.00067141
-6.83584267	0.00067141
-6.81584267	0.00067141
-6.79584267	0.00067141
-6.77584267	0.00067141
-6.75584267	0.00067141
-6.73584267	0.00067141
-6.71584267	0.00067141
-6.69584267	0.00067141
-6.67584267	0.00067141
-6.65584267	0.00067141
-6.63584267	0.00067141
-6.61584267	0.00067141
-6.59584267	0.00067141
-6.57584267	0.00067141
-6.55584267	0.00067141
-6.53584267	0.00067141
-6.51584267	0.00067141
-6.49584267	0.00067141
-6.47584267	0.00067141
-6.45584267	0.00067141
-6.43584267	0.00067141
-6.41584267	0.00067141
-6.39584267	0.00067141
-6.37584267	0.00067141
-6.35584267	0.00067141
-6.33584267	0.00067141
-6.31584267	0.00067141
-6.29584267	0.00067141
-6.27584267	0.00067141
-6.25584267	0.00067141
-6.23584267	0.00067141
-6.21584267	0.00067141
-6.19584267	0.00067141
-6.17584267	0.00067141
-6.15584267	0.00067141
-6.13584267	0.00067141
-6.11584267	0.00067141
-6.09584267	0.00067141
-6.07584267	0.00067141
-6.05584267	0.00067141
-6.03584267	0.00067141
-6.01584267	0.00067141
-5.99584267	0.00067141
-5.97584267	0.00067141
-5.95584267	0.00067141
-5.93584267	0.00067141
-5.91584267	0.00067141
-5.89584267	0.00067141
-5.87584267	0.00067141
-5.85584267	0.00067141
-5.83584267	0.00067141
-5.81584267	0.00067141
-5.79584267	0.00067141
-5.77584267	0.00067141
-5.75584267	0.00067141
-5.73584267	0.00067141
-5.71584267	0.00067141
-5.69584267	0.00067141
-5.67584267	0.00067141
-5.65584267	0.00067141
-5.63584267	0.00067141
-5.61584267	0.00067141
-5.59584267	0.00067141
-5.57584267	0.00067141
-5.55584267	0.00067141
-5.53584267	0.00067141
-5.51584267	0.00067141
-5.49584267	0.00067141
-5.47584267	0.00067141
-5.45584267	0.00067141
-5.43584267	0.00067141
-5.41584267	0.00067141
-5.39584267	0.00067141
-5.37584267	0.00067141
-5.35584267	0.00067141
-5.33584267	0.00067141
-5.31584267	0.00067141
-5.29584267	0.00067141
-5.27584267	0.00067141
-5.25584267	0.00067141
-5.23584267	0.00067141
-5.21584268	0.00067141
-5.19584268	0.00067141
-5.17584268	0.00067141
-5.15584268	0.00067141
-5.13584268	0.00067141
-5.11584268	0.00067141
-5.09584268	0.00067141
-5.07584268	0.00067141
-5.05584268	0.00067141
-5.03584268	0.00067141
-5.01584268	0.00067141
-4.99584268	0.00067141
-4.97584268	0.00067141
-4.95584268	0.00067141
-4.93584268	0.00067141
-4.91584268	0.00067141
-4.89584268	0.00067141
-4.87584268	0.00067141
-4.85584268	0.00067141
-4.83584268	0.00067141
-4.81584268	0.00067141
-4.79584268	0.00067141
-4.77584268	0.00067141
-4.75584268	0.00067141
-4.73584268	-0.00811792
-4.71584268	0.00067141
-4.69584268	0.00067141
-4.67584268	0.00067141
-4.65584268	0.00067141
-4.63584268	0.00067141
-4.61584268	0.00067141
-4.59584268	0.00067141
-4.57584268	0.00067141
-4.55584268	0.00067141
-4.53584268	0.00067141
-4.51584268	0.00067141
-4.49584268	0.00067141
-4.47584268	0.00067141
-4.45584268	0.00067141
-4.43584268	0.00067141
-4.41584268	0.00067141
-4.39584268	0.00067141
-4.37584268	0.00067141
-4.35584268	0.00067141
-4.33584268	0.00067141
-4.31584268	0.00067141
-4.29584268	0.00067141
-4.27584268	0.00067141
-4.25584268	0.00067141
-4.23584268	0.00067141
-4.21584268	0.00067141
-4.19584268	0.00067141
-4.17584268	0.00067141
-4.15584268	0.00067141
-4.13584268	0.00067141
-4.11584268	0.00067141
-4.09584268	0.00067141
-4.07584268	0.00067141
-4.05584268	0.00067141
-4.03584268	0.00067141
-4.01584268	0.00067141
-3.99584268	0.00067141
-3.97584268	0.00067141
-3.95584268	0.00067141
-3.93584268	0.00067141
-3.91584268	0.00067141
-3.89584268	0.00067141
-3.87584268	0.00067141
-3.85584268	0.00067141
-3.83584268	0.00067141
-3.81584268	0.00067141
-3.79584268	0.00067141
-3.77584268	0.00067141
-3.75584268	0.00067141
-3.73584268	0.00067141
-3.71584268	0.00067141
-3.69584268	0.00067141
-3.67584268	0.00067141
-3.65584268	0.00067141
-3.63584268	0.00067141
-3.61584268	0.00067141
-3.59584268	0.00067141
-3.57584269	0.00067141
-3.55584269	0.00067141
-3.53584269	0.00067141
-3.51584269	0.00067141
-3.49584269	0.00067141
-3.47584269	0.00067141
-3.45584269	0.00067141
-3.43584269	0.00067141
-3.41584269	0.00067141
-3.39584269	0.00067141
-3.37584269	0.00067141
-3.35584269	0.00067141
-3.33584269	0.00067141
-3.31584269	0.00067141
-3.29584269	0.00067141
-3.27584269	0.00067141
-3.25584269	0.00067141
-3.23584269	0.00067141
-3.21584269	0.00067141
-3.19584269	0.00067141
-3.17584269	0.00067141
-3.15584269	0.00067141
-3.13584269	0.00067141
-3.11584269	0.00067141
-3.09584269	0.00067141
-3.07584269	0.00067141
-3.05584269	0.00067141
-3.03584269	0.00067141
-3.01584269	0.00067141
-2.99584269	0.00067141
-2.97584269	0.00067141
-2.95584269	0.00067141
-2.93584269	0.00067141
-2.91584269	0.00067141
-2.89584269	0.00067141
-2.87584269	0.00067141
-2.85584269	0.00067141
-2.83584269	0.00067141
-2.81584269	0.00067141
-2.79584269	0.00067141
-2.77584269	0.00067141
-2.75584269	0.00067141
-2.73584269	0.00067141
-2.71584269	0.00067141
-2.69584269	0.00067141
-2.67584269	0.00067141
-2.65584269	0.00067141
-2.63584269	0.00067141
-2.61584269	0.00067141
-2.59584269	0.00067141
-2.57584269	0.00067141
-2.55584269	-0.00811792
-2.53584269	0.00067141
-2.51584269	0.00067141
-2.49584269	0.00067141
-2.47584269	0.00067141
-2.45584269	0.00067141
-2.43584269	0.00067141
-2.41584269	0.00067141
-2.39584269	0.00067141
-2.37584269	0.00067141
-2.35584269	0.00067141
-2.33584269	0.00067141
-2.31584269	0.00067141
-2.29584269	0.00067141
-2.27584269	0.00067141
-2.25584269	0.00067141
-2.23584269	0.00067141
-2.21584269	0.00067141
-2.19584269	0.00067141
-2.17584269	0.00067141
-2.15584269	0.00067141
-2.13584269	0.00067141
-2.11584269	0.00067141
-2.09584269	0.00067141
-2.07584269	0.00067141
-2.05584269	0.00067141
-2.03584269	0.00067141
-2.01584269	0.00067141
-1.99584269	0.00067141
-1.97584269	0.00067141
-1.95584269	0.00067141
-1.93584270	0.00067141
-1.91584270	0.00067141
-1.89584270	0.00067141
-1.87584270	0.00067141
-1.85584270	0.00067141
-1.83584270	0.00067141
-1.81584270	0.00067141
-1.79584270	0.00067141
-1.77584270	0.00067141
-1.75584270	0.00067141
-1.73584270	0.00067141
-1.71584270	0.00067141
-1.69584270	0.00067141
-1.67584270	0.00067141
-1.65584270	0.00067141
-1.63584270	0.00067141
-1.61584270	0.00067141
-1.59584270	0.00067141
-1.57584270	0.00067141
-1.55584270	0.00067141
-1.53584270	0.00067141
-1.51584270	0.00067141
-1.49584270	0.00067141
-1.47584270	0.00067141
-1.45584270	0.00067141
-1.43584270	0.00067141
-1.41584270	0.00067141
-1.39584270	0.00067141
-1.37584270	0.00067141
-1.35584270	0.00067141
-1.33584270	0.00067141
-1.31584270	0.00067141
-1.29584270	0.00067141
-1.27584270	0.00067141
-1.25584270	0.00067141
-1.23584270	0.00067141
-1.21584270	0.00067141
-1.19584270	0.00067141
-1.17584270	0.00067141
-1.15584270	0.00067141
-1.13584270	0.00067141
-1.11584270	0.00067141
-1.09584270	0.00067141
-1.07584270	0.00067141
-1.05584270	0.00067141
-1.03584270	0.00067141
-1.01584270	0.00067141
-0.99584270	0.00067141
-0.97584270	0.00067141
-0.95584270	0.00067141
-0.93584270	0.00067141
-0.91584270	0.00067141
-0.89584270	0.00067141
-0.87584270	0.00067141
-0.85584270	0.00067141
-0.83584270	0.00067141
-0.81584270	0.00067141
-0.79584270	0.00067141
-0.77584270	0.00067141
-0.75584270	0.00067141
-0.73584270	0.00067141
-0.71584270	0.00067141
-0.69584270	0.00067141
-0.67584270	0.00067141
-0.65584270	0.00067141
-0.63584270	0.00067141
-0.61584270	0.00067141
-0.59584270	0.00067141
-0.57584270	0.00067141
-0.55584270	0.00067141
-0.53584270	0.00067141
-0.51584270	0.00067141
-0.49584270	0.00067141
-0.47584270	0.00067141
-0.45584270	0.00067141
-0.43584270	0.00067141
-0.41584270	0.00067141
-0.39584270	0.00067141
-0.37584270	0.00067141
-0.35584270	0.00067141
-0.33584270	0.00067141
-0.31584270	0.00067141
-0.29584271	0.00067141
-0.27584271	0.00067141
-0.25584271	0.00067141
-0.23584271	0.00067141
-0.21584271	0.00067141
-0.19584271	0.00067141
-0.17584271	0.00067141
-0.15584271	0.00067141
-0.13584271	0.00067141
-0.11584271	0.00067141
-0.09584271	0.00067141
-0.07584271	0.00067141
-0.05584271	0.00067141
-0.03584271	0.00067141
-0.01584271	0.00067141
0.00415729	0.49357584
0.02415729	0.25589770
0.04415729	0.27350688
0.06415729	0.29111606
0.08415729	0.28232673
0.10415729	0.28232673
0.12415729	0.28232673
0.14415729	0.28232673
0.16415729	0.28232673
0.18415729	0.28232673
0.20415729	0.28232673
0.22415729	0.28232673
0.24415729	0.28232673
0.26415729	0.28232673
0.28415729	0.28232673
0.30415729	0.28232673
0.32415729	0.28232673
0.34415729	0.28232673
0.36415729	0.28232673
0.38415729	0.28232673
0.40415729	0.28232673
0.42415729	0.28232673
0.44415729	0.27350688
0.46415729	0.28232673
0.48415729	0.27350688
0.50415729	0.28232673
0.52415729	0.28232673
0.54415729	0.28232673
0.56415729	0.28232673
0.58415729	0.27350688
0.60415729	0.27350688
0.62415729	0.27350688
0.64415729	0.28232673
0.66415729	0.27350688
0.68415729	0.27350688
0.70415729	0.27350688
0.72415729	0.27350688
0.74415729	0.27350688
0.76415729	0.27350688
0.78415729	0.27350688
0.80415729	0.28232673
0.82415729	0.27350688
0.84415729	0.27350688
0.86415729	0.27350688
0.88415729	0.27350688
0.90415729	0.27350688
0.92415729	0.27350688
0.94415729	0.27350688
0.96415729	0.27350688
0.98415729	0.27350688
1.00415729	0.27350688
1.02415729	0.27350688
1.04415729	0.27350688
1.06415729	0.27350688
1.08415729	0.27350688
1.10415729	0.27350688
1.12415729	0.27350688
1.14415729	0.26471755
1.16415729	0.27350688
1.18415729	0.26471755
1.20415729	0.26471755
1.22415729	0.27350688
1.24415729	0.26471755
1.26415729	0.26471755
1.28415729	0.26471755
1.30415729	0.26471755
1.32415729	0.27350688
1.34415729	0.26471755
1.36415728	0.26471755
1.38415728	0.26471755
1.40415728	0.26471755
1.42415728	0.26471755
1.44415728	0.26471755
1.46415728	0.26471755
1.48415728	0.26471755
1.50415728	0.26471755
1.52415728	0.26471755
1.54415728	0.26471755
1.56415728	0.26471755
1.58415728	0.26471755
1.60415728	0.26471755
1.62415728	0.26471755
1.64415728	0.26471755
1.66415728	0.26471755
1.68415728	0.26471755
1.70415728	0.26471755
1.72415728	0.26471755
1.74415728	0.26471755
1.76415728	0.26471755
1.78415728	0.26471755
1.80415728	0.25589770
1.82415728	0.26471755
1.84415728	0.26471755
1.86415728	0.26471755
1.88415728	0.25589770
1.90415728	0.25589770
1.92415728	0.26471755
1.94415728	0.26471755
1.96415728	0.26471755
1.98415728	0.25589770
2.00415728	0.26471755
2.02415728	0.25589770
2.04415728	0.26471755
2.06415728	0.26471755
2.08415728	0.25589770
2.10415728	0.25589770
2.12415728	0.25589770
2.14415728	0.25589770
2.16415728	0.25589770
2.18415728	0.25589770
2.20415728	0.25589770
2.22415728	0.25589770
2.24415728	0.25589770
2.26415728	0.25589770
2.28415728	0.25589770
2.30415728	0.25589770
2.32415728	0.25589770
2.34415728	0.25589770
2.36415728	0.25589770
2.38415728	0.25589770
2.40415728	0.25589770
2.42415728	0.25589770
2.44415728	0.25589770
2.46415728	0.24710837
2.48415728	0.25589770
2.50415728	0.25589770
2.52415728	0.25589770
2.54415728	0.25589770
2.56415728	0.25589770
2.58415728	0.24710837
2.60415728	0.25589770
2.62415728	0.25589770
2.64415728	0.24710837
2.66415728	0.25589770
2.68415728	0.24710837
2.70415728	0.25589770
2.72415728	0.25589770
2.74415728	0.25589770
2.76415728	0.25589770
2.78415728	0.24710837
2.80415728	0.24710837
2.82415728	0.24710837
2.84415728	0.24710837
2.86415728	0.24710837
2.88415728	0.24710837
2.90415728	0.24710837
2.92415728	0.24710837
2.94415728	0.24710837
2.96415728	0.24710837
2.98415728	0.24710837
3.00415727	0.24710837
3.02415727	0.24710837
3.04415727	0.24710837
3.06415727	0.24710837
3.08415727	0.24710837
3.10415727	0.24710837
3.12415727	0.24710837
3.14415727	0.24710837
3.16415727	0.24710837
3.18415727	0.24710837
3.20415727	0.22949919
3.22415727	0.22949919
3.24415727	0.21189001
3.26415727	0.20310068
3.28415727	0.19428083
3.30415727	0.17670217
3.32415727	0.16788232
3.34415727	0.15027314
3.36415727	0.13266397
3.38415727	0.12387463
3.40415727	0.10626545
3.42415727	0.08865627
3.44415727	0.07107761
3.46415727	0.06228828
3.48415727	0.04467910
3.50415727	0.02706992
3.52415727	0.01828059
3.54415727	0.00949126
3.56415727	-0.00811792
3.58415727	-0.02572710
3.60415727	-0.03454695
3.62415727	-0.05212561
3.64415727	-0.06973480
3.66415727	-0.07855465
3.68415727	-0.08734398
3.70415727	-0.10495315
3.72415727	-0.11374249
3.74415727	-0.13135166
3.76415727	-0.14017151
3.78415727	-0.15775017
3.80415727	-0.16657002
3.82415727	-0.17535935
3.84415727	-0.19296853
3.86415727	-0.20178838
3.88415727	-0.21057771
3.90415727	-0.21936704
3.92415727	-0.23697622
3.94415727	-0.24579607
3.96415727	-0.24579607
3.98415727	-0.26340526
4.00415727	-0.26340526
4.02415727	-0.27219459
4.04415727	-0.27219459
4.06415727	-0.28098392
4.08415727	-0.28098392
4.10415727	-0.28980377
4.12415727	-0.28980377
4.14415727	-0.29859310
4.16415727	-0.28980377
4.18415727	-0.29859310
4.20415727	-0.29859310
4.22415727	-0.29859310
4.24415727	-0.29859310
4.26415727	-0.30741295
4.28415727	-0.29859310
4.30415727	-0.29859310
4.32415727	-0.29859310
4.34415727	-0.30741295
4.36415727	-0.29859310
4.38415727	-0.30741295
4.40415727	-0.30741295
4.42415727	-0.30741295
4.44415727	-0.29859310
4.46415727	-0.30741295
4.48415727	-0.30741295
4.50415727	-0.30741295
4.52415727	-0.30741295
4.54415727	-0.30741295
4.56415727	-0.30741295
4.58415727	-0.30741295
4.60415727	-0.30741295
4.62415727	-0.30741295
4.64415726	-0.30741295
4.66415726	-0.30741295
4.68415726	-0.30741295
4.70415726	-0.30741295
4.72415726	-0.30741295
4.74415726	-0.29859310
4.76415726	-0.30741295
4.78415726	-0.30741295
4.80415726	-0.30741295
4.82415726	-0.30741295
4.84415726	-0.29859310
4.86415726	-0.30741295
4.88415726	-0.29859310
4.90415726	-0.29859310
4.92415726	-0.29859310
4.94415726	-0.29859310
4.96415726	-0.29859310
4.98415726	-0.30741295
5.00415726	-0.29859310
5.02415726	-0.29859310
5.04415726	-0.29859310
5.06415726	-0.29859310
5.08415726	-0.29859310
5.10415726	-0.29859310
5.12415726	-0.29859310
5.14415726	-0.29859310
5.16415726	-0.29859310
5.18415726	-0.29859310
5.20415726	-0.29859310
5.22415726	-0.29859310
5.24415726	-0.29859310
5.26415726	-0.29859310
5.28415726	-0.29859310
5.30415726	-0.29859310
5.32415726	-0.29859310
5.34415726	-0.29859310
5.36415726	-0.29859310
5.38415726	-0.29859310
5.40415726	-0.29859310
5.42415726	-0.29859310
5.44415726	-0.29859310
5.46415726	-0.29859310
5.48415726	-0.29859310
5.50415726	-0.29859310
5.52415726	-0.29859310
5.54415726	-0.28980377
5.56415726	-0.29859310
5.58415726	-0.28980377
5.60415726	-0.29859310
5.62415726	-0.28980377
5.64415726	-0.28980377
5.66415726	-0.29859310
5.68415726	-0.29859310
5.70415726	-0.29859310
5.72415726	-0.29859310
5.74415726	-0.29859310
5.76415726	-0.28980377
5.78415726	-0.28980377
5.80415726	-0.28980377
5.82415726	-0.28980377
5.84415726	-0.29859310
5.86415726	-0.28980377
5.88415726	-0.28980377
5.90415726	-0.28980377
5.92415726	-0.28980377
5.94415726	-0.28980377
5.96415726	-0.29859310
5.98415726	-0.29859310
6.00415726	-0.28980377
6.02415726	-0.28980377
6.04415726	-0.28980377
6.06415726	-0.28980377
6.08415726	-0.28980377
6.10415726	-0.28980377
6.12415726	-0.28980377
6.14415726	-0.28980377
6.16415726	-0.28980377
6.18415726	-0.28980377
6.20415726	-0.28980377
6.22415726	-0.28980377
6.24415726	-0.28980377
6.26415726	-0.28980377
6.28415726	-0.28980377
6.30415725	-0.28980377
6.32415725	-0.28980377
6.34415725	-0.28980377
6.36415725	-0.28980377
6.38415725	-0.28980377
6.40415725	-0.28980377
6.42415725	-0.28980377
6.44415725	-0.28980377
6.46415725	-0.28980377
6.48415725	-0.28980377
6.50415725	-0.28980377
6.52415725	-0.28980377
6.54415725	-0.28980377
6.56415725	-0.28980377
6.58415725	-0.28980377
6.60415725	-0.28980377
6.62415725	-0.28980377
6.64415725	-0.28980377
6.66415725	-0.28980377
6.68415725	-0.28098392
6.70415725	-0.28980377
6.72415725	-0.28980377
6.74415725	-0.28980377
6.76415725	-0.28980377
6.78415725	-0.28980377
6.80415725	-0.28098392
6.82415725	-0.28098392
6.84415725	-0.28980377
6.86415725	-0.28098392
6.88415725	-0.28098392
6.90415725	-0.28980377
6.92415725	-0.28098392
6.94415725	-0.28098392
6.96415725	-0.28098392
6.98415725	-0.28098392
7.00415725	-0.28980377
7.02415725	-0.28098392
7.04415725	-0.28098392
7.06415725	-0.28098392
7.08415725	-0.28098392
7.10415725	-0.28098392
7.12415725	-0.28098392
7.14415725	-0.28098392
7.16415725	-0.28098392
7.18415725	-0.28098392
7.20415725	-0.28098392
7.22415725	-0.28098392
7.24415725	-0.28098392
7.26415725	-0.28098392
7.28415725	-0.28098392
7.30415725	-0.28098392
7.32415725	-0.28098392
7.34415725	-0.28098392
7.36415725	-0.28098392
7.38415725	-0.28098392
7.40415725	-0.28098392
7.42415725	-0.28098392
7.44415725	-0.28098392
7.46415725	-0.28098392
7.48415725	-0.27219459
7.50415725	-0.28098392
7.52415725	-0.28098392
7.54415725	-0.28098392
7.56415725	-0.27219459
7.58415725	-0.28098392
7.60415725	-0.27219459
7.62415725	-0.27219459
7.64415725	-0.28098392
7.66415725	-0.27219459
7.68415725	-0.28098392
7.70415725	-0.27219459
7.72415725	-0.27219459
7.74415725	-0.27219459
7.76415725	-0.27219459
7.78415725	-0.27219459
7.80415725	-0.28098392
7.82415725	-0.28098392
7.84415725	-0.28098392
7.86415725	-0.27219459
7.88415725	-0.28098392
7.90415725	-0.27219459
7.92415725	-0.27219459
7.94415724	-0.27219459
7.96415724	-0.27219459
7.98415724	-0.27219459
8.00415724	-0.27219459
8.02415724	-0.26340526
8.04415724	-0.27219459
8.06415724	-0.27219459
8.08415724	-0.27219459
8.10415724	-0.27219459
8.12415724	-0.27219459
8.14415724	-0.27219459
8.16415724	-0.27219459
8.18415724	-0.27219459
8.20415724	-0.27219459
8.22415724	-0.27219459
8.24415724	-0.27219459
8.26415724	-0.27219459
8.28415724	-0.27219459
8.30415724	-0.27219459
8.32415724	-0.27219459
8.34415724	-0.27219459
8.36415724	-0.27219459
8.38415724	-0.27219459
8.40415724	-0.27219459
8.42415724	-0.27219459
8.44415724	-0.27219459
8.46415724	-0.26340526
8.48415724	-0.27219459
8.50415724	-0.26340526
8.52415724	-0.27219459
8.54415724	-0.27219459
8.56415724	-0.27219459
8.58415724	-0.27219459
8.60415724	-0.27219459
8.62415724	-0.27219459
8.64415724	-0.27219459
8.66415724	-0.27219459
8.68415724	-0.27219459
8.70415724	-0.27219459
8.72415724	-0.27219459
8.74415724	-0.26340526
8.76415724	-0.27219459
8.78415724	-0.27219459
8.80415724	-0.27219459
8.82415724	-0.27219459
8.84415724	-0.27219459
8.86415724	-0.26340526
8.88415724	-0.26340526
8.90415724	-0.27219459
8.92415724	-0.26340526
8.94415724	-0.26340526
8.96415724	-0.27219459
8.98415724	-0.26340526
9.00415724	-0.27219459
9.02415724	-0.26340526
9.04415724	-0.26340526
9.06415724	-0.26340526
9.08415724	-0.27219459
9.10415724	-0.26340526
9.12415724	-0.27219459
9.14415724	-0.27219459
9.16415724	-0.26340526
9.18415724	-0.26340526
9.20415724	-0.26340526
9.22415724	-0.26340526
9.24415724	-0.26340526
9.26415724	-0.27219459
9.28415724	-0.26340526
9.30415724	-0.26340526
9.32415724	-0.26340526
9.34415724	-0.27219459
9.36415724	-0.26340526
9.38415724	-0.26340526
9.40415724	-0.26340526
9.42415724	-0.26340526
9.44415724	-0.26340526
9.46415724	-0.26340526
9.48415724	-0.26340526
9.50415724	-0.26340526
9.52415724	-0.26340526
9.54415724	-0.26340526
9.56415724	-0.26340526
9.58415723	-0.26340526
9.60415723	-0.26340526
9.62415723	-0.26340526
9.64415723	-0.26340526
9.66415723	-0.26340526
9.68415723	-0.26340526
9.70415723	-0.26340526
9.72415723	-0.26340526
9.74415723	-0.26340526
9.76415723	-0.26340526
9.78415723	-0.26340526
9.80415723	-0.26340526
9.82415723	-0.26340526
9.84415723	-0.26340526
9.86415723	-0.26340526
9.88415723	-0.25458542
9.90415723	-0.26340526
9.92415723	-0.26340526
9.94415723	-0.26340526
9.96415723	-0.26340526
9.98415723	-0.26340526
10.00415723	-0.26340526
10.02415723	-0.26340526
10.04415723	-0.25458542
10.06415723	-0.25458542
10.08415723	-0.26340526
10.10415723	-0.25458542
10.12415723	-0.25458542
10.14415723	-0.25458542
10.16415723	-0.26340526
10.18415723	-0.26340526
10.20415723	-0.25458542
10.22415723	-0.25458542
10.24415723	-0.25458542
10.26415723	-0.25458542
10.28415723	-0.26340526
10.30415723	-0.25458542
10.32415723	-0.25458542
10.34415723	-0.25458542
10.36415723	-0.25458542
10.38415723	-0.25458542
10.40415723	-0.25458542
10.42415723	-0.25458542
10.44415723	-0.25458542
10.46415723	-0.25458542
10.48415723	-0.25458542
10.50415723	-0.25458542
10.52415723	-0.25458542
10.54415723	-0.25458542
10.56415723	-0.25458542
10.58415723	-0.25458542
10.60415723	-0.25458542
10.62415723	-0.25458542
10.64415723	-0.25458542
10.66415723	-0.24579607
10.68415723	-0.25458542
10.70415723	-0.24579607
10.72415723	-0.24579607
10.74415723	-0.25458542
10.76415723	-0.24579607
10.78415723	-0.24579607
10.80415723	-0.24579607
10.82415723	-0.24579607
10.84415723	-0.24579607
10.86415723	-0.24579607
10.88415723	-0.24579607
10.90415723	-0.24579607
10.92415723	-0.24579607
10.94415723	-0.24579607
10.96415723	-0.24579607
10.98415723	-0.24579607
11.00415723	-0.24579607
11.02415723	-0.24579607
11.04415723	-0.24579607
11.06415723	-0.24579607
11.08415723	-0.24579607
11.10415723	-0.24579607
11.12415723	-0.24579607
11.14415723	-0.24579607
11.16415723	-0.24579607
11.18415723	-0.24579607
11.20415723	-0.24579607
11.22415722	-0.24579607
11.24415722	-0.24579607
11.26415722	-0.24579607
11.28415722	-0.24579607
11.30415722	-0.23697622
11.32415722	-0.24579607
11.34415722	-0.24579607
11.36415722	-0.24579607
11.38415722	-0.23697622
11.40415722	-0.24579607
11.42415722	-0.24579607
11.44415722	-0.24579607
11.46415722	-0.24579607
11.48415722	-0.23697622
11.50415722	-0.23697622
11.52415722	-0.23697622
11.54415722	-0.23697622
11.56415722	-0.23697622
11.58415722	-0.24579607
11.60415722	-0.23697622
11.62415722	-0.23697622
11.64415722	-0.23697622
11.66415722	-0.23697622
11.68415722	-0.23697622
11.70415722	-0.23697622
11.72415722	-0.23697622
11.74415722	-0.23697622
11.76415722	-0.23697622
11.78415722	-0.23697622
11.80415722	-0.23697622
11.82415722	-0.23697622
11.84415722	-0.23697622
11.86415722	-0.23697622
11.88415722	-0.23697622
11.90415722	-0.23697622
11.92415722	-0.23697622
11.94415722	-0.23697622
11.96415722	-0.23697622
11.98415722	-0.22818689
12.00415722	-0.23697622
12.02415722	-0.23697622
12.04415722	-0.22818689
12.06415722	-0.23697622
12.08415722	-0.23697622
12.10415722	-0.23697622
12.12415722	-0.23697622
12.14415722	-0.23697622
12.16415722	-0.23697622
12.18415722	-0.23697622
12.20415722	-0.23697622
12.22415722	-0.23697622
12.24415722	-0.23697622
12.26415722	-0.23697622
12.28415722	-0.23697622
12.30415722	-0.23697622
12.32415722	-0.23697622
12.34415722	-0.23697622
12.36415722	-0.23697622
12.38415722	-0.23697622
12.40415722	-0.23697622
12.42415722	-0.23697622
12.44415722	-0.23697622
12.46415722	-0.23697622
12.48415722	-0.23697622
12.50415722	-0.22818689
12.52415722	-0.23697622
12.54415722	-0.22818689
12.56415722	-0.22818689
12.58415722	-0.22818689
12.60415722	-0.22818689
12.62415722	-0.22818689
12.64415722	-0.22818689
12.66415722	-0.23697622
12.68415722	-0.22818689
12.70415722	-0.22818689
12.72415722	-0.22818689
12.74415722	-0.22818689
12.76415722	-0.22818689
12.78415722	-0.22818689
12.80415722	-0.22818689
12.82415722	-0.22818689
12.84415722	-0.22818689
12.86415722	-0.22818689
12.88415721	-0.23697622
12.90415721	-0.22818689
12.92415721	-0.22818689
12.94415721	-0.22818689
12.96415721	-0.22818689
12.98415721	-0.22818689
13.00415721	-0.22818689
13.02415721	-0.22818689
13.04415721	-0.22818689
13.06415721	-0.22818689
13.08415721	-0.22818689
13.10415721	-0.22818689
13.12415721	-0.22818689
13.14415721	-0.22818689
13.16415721	-0.22818689
13.18415721	-0.22818689
13.20415721	-0.22818689
13.22415721	-0.22818689
13.24415721	-0.22818689
13.26415721	-0.22818689
13.28415721	-0.22818689
13.30415721	-0.22818689
13.32415721	-0.22818689
13.34415721	-0.21936704
13.36415721	-0.21936704
13.38415721	-0.22818689
13.40415721	-0.21936704
13.42415721	-0.22818689
13.44415721	-0.22818689
13.46415721	-0.21936704
13.48415721	-0.22818689
13.50415721	-0.22818689
13.52415721	-0.21936704
13.54415721	-0.22818689
13.56415721	-0.21936704
13.58415721	-0.21936704
13.60415721	-0.21936704
13.62415721	-0.21936704
13.64415721	-0.21936704
13.66415721	-0.21936704
13.68415721	-0.21936704
13.70415721	-0.21936704
13.72415721	-0.21936704
13.74415721	-0.22818689
13.76415721	-0.22818689
13.78415721	-0.21936704
13.80415721	-0.21936704
13.82415721	-0.21936704
13.84415721	-0.21936704
13.86415721	-0.21936704
13.88415721	-0.21936704
13.90415721	-0.21936704
13.92415721	-0.21936704
13.94415721	-0.21057771
13.96415721	-0.21057771
13.98415721	-0.21057771
14.00415721	-0.21057771
14.02415721	-0.21057771
14.04415721	-0.21057771
14.06415721	-0.21057771
14.08415721	-0.21057771
14.10415721	-0.21057771
14.12415721	-0.21057771
14.14415721	-0.21057771
14.16415721	-0.21057771
14.18415721	-0.21057771
14.20415721	-0.21057771
14.22415721	-0.21057771
14.24415721	-0.21057771
14.26415721	-0.21057771
14.28415721	-0.21057771
14.30415721	-0.21057771
14.32415721	-0.21057771
14.34415721	-0.21057771
14.36415721	-0.21057771
14.38415721	-0.21057771
14.40415721	-0.21057771
14.42415721	-0.21057771
14.44415721	-0.21057771
14.46415721	-0.21057771
14.48415721	-0.21936704
14.50415721	-0.21936704
14.52415720	-0.21936704
14.54415720	-0.21936704
14.56415720	-0.21936704
14.58415720	-0.21936704
14.60415720	-0.21936704
14.62415720	-0.21936704
14.64415720	-0.22818689
14.66415720	-0.22818689
14.68415720	-0.22818689
14.70415720	-0.22818689
14.72415720	-0.22818689
14.74415720	-0.22818689
14.76415720	-0.22818689
14.78415720	-0.22818689
14.80415720	-0.22818689
14.82415720	-0.21936704
14.84415720	-0.21936704
14.86415720	-0.22818689
14.88415720	-0.21936704
14.90415720	-0.21936704
14.92415720	-0.21057771
14.94415720	-0.21057771
14.96415720	-0.21057771
14.98415720	-0.21057771
15.00415720	-0.21057771
15.02415720	-0.20178838
15.04415720	-0.20178838
15.06415720	-0.20178838
15.08415720	-0.20178838
15.10415720	-0.20178838
15.12415720	-0.20178838
15.14415720	-0.20178838
15.16415720	-0.20178838
15.18415720	-0.19296853
15.20415720	-0.19296853
15.22415720	-0.19296853
15.24415720	-0.19296853
15.26415720	-0.20178838
15.28415720	-0.19296853
15.30415720	-0.20178838
15.32415720	-0.21057771
15.34415720	-0.21057771
15.36415720	-0.21057771
15.38415720	-0.21057771
15.40415720	-0.21057771
15.42415720	-0.21057771
15.44415720	-0.21057771
15.46415720	-0.21057771
15.48415720	-0.21057771
15.50415720	-0.21057771
15.52415720	-0.21057771
15.54415720	-0.21057771
15.56415720	-0.21057771
15.58415720	-0.21057771
15.60415720	-0.20178838
15.62415720	-0.20178838
15.64415720	-0.20178838
15.66415720	-0.19296853
15.68415720	-0.19296853
15.70415720	-0.19296853
15.72415720	-0.18417920
15.74415720	-0.18417920
15.76415720	-0.18417920
15.78415720	-0.18417920
15.80415720	-0.18417920
15.82415720	-0.18417920
15.84415720	-0.18417920
15.86415720	-0.18417920
15.88415720	-0.18417920
15.90415720	-0.19296853
15.92415720	-0.19296853
15.94415720	-0.19296853
15.96415720	-0.20178838
15.98415720	-0.21057771
16.00415720	-0.21057771
16.02415720	-0.21936704
16.04415720	-0.21936704
16.06415720	-0.23697622
16.08415720	-0.24579607
16.10415720	-0.24579607
16.12415720	-0.25458542
16.14415720	-0.25458542
16.16415719	-0.25458542
16.18415719	-0.26340526
16.20415719	-0.26340526
16.22415719	-0.26340526
16.24415719	-0.25458542
16.26415719	-0.25458542
16.28415719	-0.26340526
16.30415719	-0.26340526
16.32415719	-0.25458542
16.34415719	-0.25458542
16.36415719	-0.25458542
16.38415719	-0.24579607
16.40415719	-0.24579607
16.42415719	-0.24579607
16.44415719	-0.24579607
16.46415719	-0.23697622
16.48415719	-0.23697622
16.50415719	-0.22818689
16.52415719	-0.21057771
16.54415719	-0.21057771
16.56415719	-0.20178838
16.58415719	-0.20178838
16.60415719	-0.19296853
16.62415719	-0.17535935
16.64415719	-0.17535935
16.66415719	-0.16657002
16.68415719	-0.15775017
16.70415719	-0.14896084
16.72415719	-0.14017151
16.74415719	-0.14017151
16.76415719	-0.14017151
16.78415719	-0.14017151
16.80415719	-0.13135166
16.82415719	-0.13135166
16.84415719	-0.13135166
16.86415719	-0.14017151
16.88415719	-0.14896084
16.90415719	-0.14896084
16.92415719	-0.15775017
16.94415719	-0.16657002
16.96415719	-0.18417920
16.98415719	-0.19296853
17.00415719	-0.20178838
17.02415719	-0.21057771
17.04415719	-0.21936704
17.06415719	-0.22818689
17.08415719	-0.22818689
17.10415719	-0.23697622
17.12415719	-0.24579607
17.14415719	-0.24579607
17.16415719	-0.24579607
17.18415719	-0.25458542
17.20415719	-0.24579607
17.22415719	-0.24579607
17.24415719	-0.25458542
17.26415719	-0.25458542
17.28415719	-0.24579607
17.30415719	-0.25458542
17.32415719	-0.24579607
17.34415719	-0.24579607
17.36415719	-0.24579607
17.38415719	-0.24579607
17.40415719	-0.24579607
17.42415719	-0.24579607
17.44415719	-0.23697622
17.46415719	-0.23697622
17.48415719	-0.22818689
17.50415719	-0.22818689
17.52415719	-0.22818689
17.54415719	-0.21936704
17.56415719	-0.21057771
17.58415719	-0.21057771
17.60415719	-0.20178838
17.62415719	-0.19296853
17.64415719	-0.19296853
17.66415719	-0.19296853
17.68415719	-0.18417920
17.70415719	-0.18417920
17.72415719	-0.17535935
17.74415719	-0.18417920
17.76415719	-0.17535935
17.78415719	-0.16657002
17.80415718	-0.17535935
17.82415718	-0.16657002
17.84415718	-0.17535935
17.86415718	-0.16657002
17.88415718	-0.17535935
17.90415718	-0.17535935
17.92415718	-0.17535935
17.94415718	-0.18417920
17.96415718	-0.19296853
17.98415718	-0.19296853
18.00415718	-0.21057771
18.02415718	-0.21057771
18.04415718	-0.21936704
18.06415718	-0.22818689
18.08415718	-0.22818689
18.10415718	-0.23697622
18.12415718	-0.23697622
18.14415718	-0.23697622
18.16415718	-0.23697622
18.18415718	-0.23697622
18.20415718	-0.23697622
18.22415718	-0.24579607
18.24415718	-0.23697622
18.26415718	-0.23697622
18.28415718	-0.23697622
18.30415718	-0.23697622
18.32415718	-0.23697622
18.34415718	-0.23697622
18.36415718	-0.23697622
18.38415718	-0.22818689
18.40415718	-0.21936704
18.42415718	-0.21936704
18.44415718	-0.21057771
18.46415718	-0.21057771
18.48415718	-0.20178838
18.50415718	-0.19296853
18.52415718	-0.19296853
18.54415718	-0.18417920
18.56415718	-0.17535935
18.58415718	-0.17535935
18.60415718	-0.17535935
18.62415718	-0.16657002
18.64415718	-0.16657002
18.66415718	-0.15775017
18.68415718	-0.15775017
18.70415718	-0.14896084
18.72415718	-0.14896084
18.74415718	-0.14017151
18.76415718	-0.14017151
18.78415718	-0.14017151
18.80415718	-0.14017151
18.82415718	-0.14017151
18.84415718	-0.14896084
18.86415718	-0.14896084
18.88415718	-0.15775017
18.90415718	-0.16657002
18.92415718	-0.17535935
18.94415718	-0.18417920
18.96415718	-0.19296853
18.98415718	-0.19296853
19.00415718	-0.20178838
19.02415718	-0.20178838
19.04415718	-0.21057771
19.06415718	-0.21057771
19.08415718	-0.21057771
19.10415718	-0.21936704
19.12415718	-0.21936704
19.14415718	-0.22818689
19.16415718	-0.22818689
19.18415718	-0.22818689
19.20415718	-0.22818689
19.22415718	-0.22818689
19.24415718	-0.22818689
19.26415718	-0.22818689
19.28415718	-0.22818689
19.30415718	-0.21936704
19.32415718	-0.21936704
19.34415718	-0.22818689
19.36415718	-0.21936704
19.38415718	-0.21936704
19.40415718	-0.21057771
19.42415718	-0.21057771
19.44415718	-0.21057771
19.46415717	-0.21057771
19.48415717	-0.21057771
19.50415717	-0.21057771
19.52415717	-0.20178838
19.54415717	-0.20178838
19.56415717	-0.20178838
19.58415717	-0.20178838
19.60415717	-0.19296853
19.62415717	-0.19296853
19.64415717	-0.19296853
19.66415717	-0.19296853
19.68415717	-0.19296853
19.70415717	-0.18417920
19.72415717	-0.18417920
19.74415717	-0.18417920
19.76415717	-0.18417920
19.78415717	-0.17535935
19.80415717	-0.18417920
19.82415717	-0.17535935
19.84415717	-0.17535935
19.86415717	-0.17535935
19.88415717	-0.17535935
19.90415717	-0.17535935
19.92415717	-0.17535935
19.94415717	-0.16657002
19.96415717	-0.17535935
19.98415717	-0.16657002
20.00415717	-0.16657002
20.02415717	-0.17535935
20.04415717	-0.17535935
20.06415717	-0.17535935
20.08415717	-0.17535935
20.10415717	-0.17535935
20.12415717	-0.17535935
20.14415717	-0.17535935
20.16415717	-0.17535935
20.18415717	-0.17535935
20.20415717	-0.18417920
20.22415717	-0.18417920
20.24415717	-0.18417920
20.26415717	-0.18417920
20.28415717	-0.19296853
20.30415717	-0.19296853
20.32415717	-0.19296853
20.34415717	-0.19296853
20.36415717	-0.19296853
20.38415717	-0.19296853
20.40415717	-0.20178838
20.42415717	-0.20178838
20.44415717	-0.20178838
20.46415717	-0.20178838
20.48415717	-0.19296853
20.50415717	-0.20178838
20.52415717	-0.19296853
20.54415717	-0.20178838
20.56415717	-0.20178838
20.58415717	-0.20178838
20.60415717	-0.19296853
20.62415717	-0.19296853
20.64415717	-0.19296853
20.66415717	-0.19296853
20.68415717	-0.19296853
20.70415717	-0.19296853
20.72415717	-0.19296853
20.74415717	-0.18417920
20.76415717	-0.19296853
20.78415717	-0.18417920
20.80415717	-0.18417920
20.82415717	-0.18417920
20.84415717	-0.18417920
20.86415717	-0.17535935
20.88415717	-0.17535935
20.90415717	-0.17535935
20.92415717	-0.17535935
20.94415717	-0.17535935
20.96415717	-0.16657002
20.98415717	-0.16657002
21.00415717	-0.16657002
21.02415717	-0.16657002
21.04415717	-0.16657002
21.06415717	-0.16657002
21.08415717	-0.16657002
21.10415716	-0.16657002
21.12415716	-0.16657002
21.14415716	-0.16657002
21.16415716	-0.16657002
21.18415716	-0.15775017
21.20415716	-0.16657002
21.22415716	-0.15775017
21.24415716	-0.15775017
21.26415716	-0.15775017
21.28415716	-0.15775017
21.30415716	-0.15775017
21.32415716	-0.16657002
21.34415716	-0.15775017
21.36415716	-0.15775017
21.38415716	-0.16657002
21.40415716	-0.15775017
21.42415716	-0.16657002
21.44415716	-0.15775017
21.46415716	-0.15775017
21.48415716	-0.16657002
21.50415716	-0.15775017
21.52415716	-0.15775017
21.54415716	-0.15775017
21.56415716	-0.15775017
21.58415716	-0.15775017
21.60415716	-0.15775017
21.62415716	-0.15775017
21.64415716	-0.15775017
21.66415716	-0.15775017
21.68415716	-0.15775017
21.70415716	-0.15775017
21.72415716	-0.15775017
21.74415716	-0.16657002
21.76415716	-0.15775017
21.78415716	-0.15775017
21.80415716	-0.15775017
21.82415716	-0.15775017
21.84415716	-0.16657002
21.86415716	-0.15775017
21.88415716	-0.16657002
21.90415716	-0.16657002
21.92415716	-0.16657002
21.94415716	-0.17535935
21.96415716	-0.16657002
21.98415716	-0.16657002
22.00415716	-0.16657002
22.02415716	-0.16657002
22.04415716	-0.16657002
22.06415716	-0.16657002
22.08415716	-0.16657002
22.10415716	-0.16657002
22.12415716	-0.17535935
22.14415716	-0.16657002
22.16415716	-0.16657002
22.18415716	-0.16657002
22.20415716	-0.16657002
22.22415716	-0.16657002
22.24415716	-0.16657002
22.26415716	-0.16657002
22.28415716	-0.16657002
22.30415716	-0.16657002
22.32415716	-0.16657002
22.34415716	-0.16657002
22.36415716	-0.16657002
22.38415716	-0.16657002
22.40415716	-0.16657002
22.42415716	-0.16657002
22.44415716	-0.16657002
22.46415716	-0.16657002
22.48415716	-0.15775017
22.50415716	-0.15775017
22.52415716	-0.16657002
22.54415716	-0.15775017
22.56415716	-0.15775017
22.58415716	-0.15775017
22.60415716	-0.15775017
22.62415716	-0.15775017
22.64415716	-0.15775017
22.66415716	-0.15775017
22.68415716	-0.15775017
22.70415716	-0.15775017
22.72415716	-0.14896084
22.74415715	-0.15775017
22.76415715	-0.15775017
22.78415715	-0.15775017
22.80415715	-0.15775017
22.82415715	-0.15775017
22.84415715	-0.15775017
22.86415715	-0.15775017
22.88415715	-0.15775017
22.90415715	-0.15775017
22.92415715	-0.15775017
22.94415715	-0.16657002
22.96415715	-0.15775017
22.98415715	-0.16657002
23.00415715	-0.16657002
23.02415715	-0.16657002
23.04415715	-0.16657002
23.06415715	-0.17535935
23.08415715	-0.17535935
23.10415715	-0.17535935
23.12415715	-0.17535935
23.14415715	-0.17535935
23.16415715	-0.17535935
23.18415715	-0.17535935
23.20415715	-0.17535935
23.22415715	-0.18417920
23.24415715	-0.18417920
23.26415715	-0.18417920
23.28415715	-0.17535935
23.30415715	-0.18417920
23.32415715	-0.18417920
23.34415715	-0.18417920
23.36415715	-0.18417920
23.38415715	-0.18417920
23.40415715	-0.18417920
23.42415715	-0.17535935
23.44415715	-0.18417920
23.46415715	-0.18417920
23.48415715	-0.18417920
23.50415715	-0.17535935
23.52415715	-0.17535935
23.54415715	-0.17535935
23.56415715	-0.17535935
23.58415715	-0.17535935
23.60415715	-0.17535935
23.62415715	-0.17535935
23.64415715	-0.17535935
23.66415715	-0.16657002
23.68415715	-0.17535935
23.70415715	-0.16657002
23.72415715	-0.16657002
23.74415715	-0.16657002
23.76415715	-0.16657002
23.78415715	-0.16657002
23.80415715	-0.16657002
23.82415715	-0.16657002
23.84415715	-0.16657002
23.86415715	-0.16657002
23.88415715	-0.15775017
23.90415715	-0.15775017
23.92415715	-0.16657002
23.94415715	-0.16657002
23.96415715	-0.15775017
23.98415715	-0.16657002
24.00415715	-0.16657002
24.02415715	-0.16657002
24.04415715	-0.15775017
24.06415715	-0.16657002
24.08415715	-0.15775017
24.10415715	-0.16657002
24.12415715	-0.16657002
24.14415715	-0.16657002
24.16415715	-0.16657002
24.18415715	-0.16657002
24.20415715	-0.16657002
24.22415715	-0.16657002
24.24415715	-0.17535935
24.26415715	-0.17535935
24.28415715	-0.17535935
24.30415715	-0.17535935
24.32415715	-0.17535935
24.34415715	-0.17535935
24.36415715	-0.17535935
24.38415715	-0.17535935
24.40415714	-0.17535935
24.42415714	-0.17535935
24.44415714	-0.17535935
24.46415714	-0.17535935
24.48415714	-0.18417920
24.50415714	-0.17535935
24.52415714	-0.17535935
24.54415714	-0.17535935
24.56415714	-0.17535935
24.58415714	-0.18417920
24.60415714	-0.17535935
24.62415714	-0.18417920
24.64415714	-0.17535935
24.66415714	-0.17535935
24.68415714	-0.18417920
24.70415714	-0.17535935
24.72415714	-0.17535935
24.74415714	-0.17535935
24.76415714	-0.17535935
24.78415714	-0.17535935
24.80415714	-0.17535935
24.82415714	-0.17535935
24.84415714	-0.17535935
24.86415714	-0.17535935
24.88415714	-0.17535935
24.90415714	-0.17535935
24.92415714	-0.17535935
24.94415714	-0.17535935
24.96415714	-0.17535935
24.98415714	-0.17535935
25.00415714	-0.17535935
25.02415714	-0.17535935
